43 2926 4224
0 1 48
0 2 55
0 3 80
0 4 24
0 5 68
0 6 57
0 7 11
1 8 56
2 8 52
1 9 23
1 10 15
2 10 49
5 10 56
6 10 226
7 10 188
1 11 80
8 12 23
9 12 33
8 13 112
9 13 28
8 14 77
8 15 192
9 15 118
8 16 13
9 16 115
11 16 203
8 17 191
8 18 18
11 18 174
8 19 17
8 20 238
11 20 261
8 21 131
14 21 1
12 22 23
14 22 2
16 22 23
12 23 44
14 23 27
12 24 340
13 24 9
19 24 51
12 25 189
13 25 55
14 25 167
17 25 10
20 25 71
12 26 35
14 26 32
15 26 33
18 26 4
20 26 36
12 27 42
13 27 104
14 27 311
19 27 124
20 27 173
21 27 163
12 28 324
26 28 72
23 29 36
22 30 182
26 30 8
28 30 5
22 31 248
23 31 72
24 31 90
26 31 133
28 31 40
22 32 18
23 32 38
25 32 65
26 32 102
28 32 3
22 33 2
22 34 199
23 34 233
24 34 14
27 34 4
28 34 15
22 35 4
25 35 14
22 36 32
22 37 72
35 37 47
29 38 142
30 38 141
32 38 18
33 38 295
34 38 3
35 38 7
36 38 179
29 39 214
32 39 42
33 39 109
34 39 1
35 39 11
36 39 109
29 40 360
30 40 53
29 41 15
38 42 1
39 42 92
40 42 63
41 42 42
