50 2522 3861
0 1 11
0 2 18
0 3 78
0 4 84
2 4 2
1 5 11
1 6 3
1 7 29
3 7 99
4 7 43
1 8 39
3 8 36
4 8 106
1 9 6
5 10 1
5 11 86
6 11 15
9 11 12
5 12 119
6 12 93
5 13 23
5 14 354
11 14 154
12 14 27
13 14 75
10 15 181
12 15 78
13 15 120
10 16 189
11 16 93
12 16 18
13 16 7
10 17 3
17 18 38
15 19 232
16 19 162
15 20 6
16 20 59
16 21 3
15 22 112
17 22 80
15 23 14
20 23 140
22 23 56
18 24 53
20 24 6
22 24 18
18 25 42
18 26 71
20 26 17
21 26 90
18 27 18
18 28 107
18 29 250
26 29 173
27 29 217
25 30 35
26 30 35
27 30 11
28 30 11
27 31 3
24 32 30
25 32 32
24 33 74
25 33 114
26 33 83
28 33 123
27 34 6
25 35 20
27 35 38
28 35 27
24 36 13
25 36 12
24 37 183
34 37 181
35 37 163
31 38 8
34 38 34
30 39 23
31 39 63
34 39 3
35 39 33
30 40 157
32 40 94
35 40 123
37 40 28
31 41 44
30 42 2
35 42 5
30 43 2
39 43 12
38 44 21
39 44 26
41 44 44
38 45 6
38 46 69
39 46 28
43 46 13
38 47 259
39 47 81
40 47 20
41 47 108
38 48 3
7 49 330
14 49 6
23 49 7
29 49 37
44 49 6
45 49 193
46 49 76
47 49 27
48 49 58
