42 2258 3155
0 1 15
0 2 68
0 3 38
0 4 86
0 5 211
2 5 15
4 5 66
1 6 23
1 7 32
1 8 4
2 8 8
1 9 6
3 9 100
3 10 17
1 11 15
7 11 14
9 11 19
10 11 72
10 12 29
6 13 16
7 13 89
8 13 23
9 14 14
10 15 1
6 16 6
7 16 51
8 16 5
10 17 51
12 18 7
15 18 7
15 19 28
15 20 20
12 21 119
13 21 3
14 21 19
16 21 79
12 22 44
20 22 59
19 23 26
18 24 30
19 24 26
20 24 34
19 25 6
19 26 89
20 26 44
18 27 44
23 28 64
26 28 6
23 29 40
23 30 5
23 31 36
26 31 24
23 32 54
24 32 64
23 33 67
29 33 25
30 33 17
31 33 8
28 34 12
29 34 10
31 34 19
33 34 6
29 35 19
29 36 27
28 37 62
36 37 39
35 38 29
36 38 10
35 39 2
34 40 6
39 40 41
5 41 8
21 41 19
32 41 47
37 41 42
38 41 69
40 41 33
