61 2287 3646
0 1 14
0 2 21
0 3 21
0 4 74
0 5 63
0 6 27
0 7 3
2 7 28
3 7 26
1 8 1
3 8 5
1 9 34
2 9 65
3 9 98
7 9 27
1 10 49
2 10 64
4 10 31
5 10 74
7 10 100
1 11 29
2 11 60
3 11 15
1 12 2
1 13 42
3 13 40
5 13 38
7 13 171
1 14 105
2 14 19
5 14 14
7 14 17
1 15 22
8 16 233
10 16 46
13 16 28
14 16 29
15 16 34
8 17 6
9 17 141
10 17 1
12 17 174
14 17 43
8 18 193
9 18 159
11 18 165
12 18 36
13 18 2
14 18 12
8 19 68
12 19 36
14 19 15
15 19 32
8 20 101
9 20 5
11 20 9
12 20 178
14 20 62
8 21 95
11 21 38
12 21 4
14 21 12
15 21 42
8 22 162
9 22 169
10 22 11
12 22 101
14 22 68
15 22 283
8 23 153
19 23 14
19 24 46
20 24 3
23 24 6
16 25 14
19 25 17
20 25 10
16 26 10
20 26 77
21 26 82
16 27 10
20 27 93
23 27 4
16 28 20
18 28 25
20 28 27
16 29 84
17 29 5
18 29 19
19 29 295
20 29 136
22 29 8
16 30 30
18 30 71
19 30 28
20 30 42
21 30 144
23 30 27
16 31 64
20 31 71
23 31 92
16 32 22
25 32 53
26 32 22
27 32 175
28 32 33
24 33 69
25 33 61
26 33 76
27 33 102
28 33 9
30 33 120
31 33 94
24 34 8
25 34 33
27 34 69
30 34 5
31 34 9
24 35 192
27 35 144
24 36 125
30 36 16
31 36 28
24 37 4
26 37 19
30 37 24
24 38 127
25 38 16
26 38 60
28 38 36
31 38 4
32 38 32
24 39 31
26 39 15
30 39 67
31 39 64
24 40 283
27 40 181
29 40 23
32 40 26
24 41 21
34 41 33
36 41 1
39 41 8
33 42 62
35 42 53
37 42 88
38 42 51
39 42 120
40 42 2
41 42 58
34 43 4
36 43 29
37 43 3
39 43 18
33 44 9
34 44 66
35 44 11
36 44 49
37 44 8
41 44 41
34 45 27
41 45 2
34 46 6
43 47 7
43 48 22
45 48 55
46 48 57
43 49 2
43 50 3
46 50 5
43 51 5
46 51 35
43 52 35
47 53 80
48 53 45
49 53 48
51 53 80
52 53 18
47 54 7
49 54 32
47 55 114
50 55 69
47 56 146
49 56 51
51 56 160
47 57 2
49 57 17
50 57 13
51 57 2
47 58 14
49 58 16
52 58 24
47 59 5
54 59 24
57 59 1
42 60 26
44 60 72
53 60 38
55 60 27
56 60 24
58 60 87
59 60 108
