41 2024 3216
0 1 9
0 2 39
0 3 59
0 4 4
0 5 148
4 5 187
1 6 76
4 6 6
1 7 125
1 8 52
3 8 10
1 9 468
6 10 193
6 11 249
7 11 273
8 11 2
6 12 24
10 13 56
12 14 42
12 15 17
12 16 47
12 17 46
16 17 12
13 18 128
16 18 142
17 18 225
14 19 23
15 19 4
13 20 116
14 20 300
17 20 192
13 21 2
20 21 12
18 22 16
19 23 88
18 24 31
19 25 20
18 26 103
19 26 146
21 26 2
19 27 112
25 27 2
25 28 2
22 29 97
23 29 14
26 29 23
22 30 1
28 31 5
28 32 56
30 32 2
28 33 190
30 33 33
28 34 2
31 35 27
32 35 23
31 36 90
34 36 32
31 37 66
32 37 36
33 37 18
34 37 154
31 38 127
34 38 96
31 39 15
9 40 374
11 40 288
29 40 39
35 40 46
37 40 35
38 40 26
39 40 14
