30 0 572
0 1 0
0 2 0
0 3 0
0 4 0
0 5 0
2 6 32
2 7 9
5 7 24
2 8 24
5 8 7
2 9 7
1 10 21
3 10 13
1 11 17
2 11 13
5 11 41
1 12 16
7 12 32
10 12 5
11 12 4
6 13 17
7 13 13
8 13 28
6 14 69
8 14 101
10 14 65
6 15 66
7 15 70
11 15 49
6 16 6
13 17 58
14 17 22
15 17 33
13 18 3
15 18 1
13 19 5
16 19 1
13 20 80
14 20 27
15 20 12
13 21 73
15 21 37
13 22 95
16 22 36
13 23 73
17 24 23
19 24 47
21 24 33
23 24 33
17 25 3
18 25 77
19 25 29
22 25 25
17 26 16
18 26 5
21 26 27
17 27 7
18 27 60
17 28 126
26 28 8
24 29 21
28 29 3
