44 3263 4746
0 1 134
0 2 4
0 3 59
0 4 113
0 5 190
0 6 15
0 7 122
6 7 97
2 8 149
4 8 58
2 9 41
4 9 38
2 10 25
2 11 13
4 11 1
6 11 49
2 12 227
10 12 97
11 12 33
10 13 28
8 14 6
9 14 217
10 14 140
12 14 12
8 15 1
10 15 18
8 16 71
13 17 246
14 17 24
16 17 112
13 18 235
15 18 23
13 19 8
14 19 29
16 19 104
13 20 264
16 20 72
13 21 21
13 22 101
21 23 10
22 23 6
21 24 42
22 24 12
17 25 37
18 25 4
22 25 14
17 26 44
18 26 8
21 26 65
17 27 34
18 27 19
22 27 40
17 28 38
17 29 141
18 29 36
20 29 17
21 29 127
17 30 15
24 30 90
25 30 38
26 30 29
27 30 6
23 31 184
25 31 117
26 31 193
27 31 206
28 31 49
23 32 116
24 32 164
25 32 71
30 32 5
23 33 37
25 33 10
30 33 19
23 34 1
24 34 107
26 34 154
27 34 160
28 34 28
30 34 8
23 35 204
25 35 163
28 35 49
29 35 17
23 36 78
32 37 86
33 37 60
31 38 23
32 38 63
34 38 120
35 38 9
36 38 11
32 39 15
31 40 7
32 40 129
32 41 11
34 41 32
32 42 83
39 42 14
1 43 96
7 43 8
37 43 114
38 43 26
40 43 26
41 43 33
42 43 43
