35 2325 4341
0 1 98
0 2 3
0 3 1
0 4 197
0 5 38
0 6 36
1 7 44
2 7 194
2 8 25
3 8 16
6 8 35
2 9 6
7 10 13
8 10 23
7 11 5
9 11 77
8 12 62
7 13 69
8 13 414
8 14 12
7 15 37
14 15 40
10 16 20
12 16 317
13 16 21
10 17 63
15 17 3
10 18 17
12 18 166
15 18 40
10 19 121
11 19 282
12 19 198
15 19 219
11 20 7
17 21 22
18 21 94
20 21 118
16 22 2
21 23 29
21 24 36
21 25 94
21 26 1
21 27 66
24 27 36
23 28 95
23 29 16
24 29 43
23 30 198
27 30 132
23 31 22
24 31 70
25 31 3
27 31 3
23 32 27
24 32 45
23 33 70
30 33 22
19 34 16
28 34 71
33 34 15
