42 2870 4810
0 1 19
0 2 215
0 3 21
0 4 151
0 5 182
1 6 3
1 7 40
1 8 164
4 8 19
5 8 104
1 9 106
2 9 42
5 9 3
1 10 113
1 11 91
6 12 8
6 13 79
7 13 117
11 13 110
6 14 38
7 14 51
6 15 191
13 15 16
12 16 28
13 16 7
14 16 86
12 17 24
14 17 106
14 18 1
12 19 39
14 19 112
15 19 74
12 20 132
17 20 1
18 21 6
16 22 8
18 22 227
19 22 6
16 23 53
18 23 124
16 24 7
18 24 22
16 25 173
21 26 176
24 26 106
21 27 92
24 27 17
21 28 173
24 28 93
21 29 78
26 30 24
28 30 15
27 31 27
28 31 1
29 32 32
26 33 15
27 33 108
26 34 9
27 34 57
26 35 134
31 36 39
30 37 132
33 37 77
34 37 34
35 37 7
30 38 5
32 38 30
30 39 58
31 39 43
32 39 28
30 40 79
38 40 31
8 41 116
22 41 17
25 41 313
36 41 195
37 41 30
39 41 39
40 41 37
