34 584 3092
0 1 59
0 2 130
0 3 7
0 4 19
0 5 54
0 6 31
1 7 6
5 7 3
1 8 51
3 8 8
4 8 14
6 8 76
1 9 39
5 9 5
6 9 29
1 10 22
3 10 30
6 10 122
1 11 3
7 12 48
8 12 33
9 12 9
11 13 13
7 14 22
7 15 265
8 15 280
9 15 90
11 15 184
7 16 53
12 17 206
14 17 156
16 17 3
12 18 32
13 18 86
14 18 130
12 19 19
14 19 11
12 20 107
13 20 276
14 20 138
12 21 38
18 22 46
17 23 70
18 23 9
19 23 144
20 23 83
17 24 6
18 24 5
20 24 20
17 25 31
24 25 3
22 26 134
23 26 10
25 26 55
22 27 26
24 27 7
25 27 13
22 28 4
27 28 71
26 29 35
26 30 11
27 31 35
26 32 16
30 32 36
31 32 19
15 33 19
29 33 83
32 33 49
