38 1035 2188
0 1 8
0 2 57
0 3 53
0 4 120
0 5 43
0 6 116
1 7 42
1 8 84
3 8 64
1 9 32
3 9 5
1 10 6
1 11 47
1 12 269
9 12 50
11 12 60
7 13 78
8 13 4
9 13 18
10 13 36
10 14 29
10 15 7
11 15 28
7 16 115
7 17 18
10 17 30
10 18 37
7 19 6
7 20 214
10 20 19
11 20 136
12 20 9
7 21 152
14 22 22
18 22 8
14 23 18
15 23 3
13 24 100
14 24 213
15 24 114
16 24 133
18 24 21
20 24 23
13 25 57
15 25 17
16 25 1
13 26 22
14 26 18
15 26 23
19 26 89
14 27 16
15 27 32
18 27 11
14 28 23
13 29 33
25 29 29
22 30 15
27 30 114
28 30 170
22 31 12
27 31 5
22 32 44
23 32 36
22 33 159
25 33 7
28 33 143
22 34 29
23 34 118
25 34 1
22 35 27
23 35 51
27 35 27
22 36 54
31 36 22
5 37 17
24 37 23
29 37 20
30 37 22
33 37 8
34 37 45
35 37 202
36 37 120
