40 0 893
0 1 1
0 2 17
0 3 55
0 4 41
0 5 3
0 6 14
1 7 29
3 7 2
5 7 1
1 8 19
3 8 4
5 8 18
1 9 87
2 9 56
3 9 17
4 9 6
6 9 9
1 10 178
2 10 3
3 10 100
4 10 124
1 11 121
4 11 45
6 11 71
1 12 9
3 12 119
4 12 76
6 12 36
1 13 203
9 13 20
12 13 23
7 14 97
9 14 41
7 15 84
9 15 19
7 16 20
15 16 23
14 17 2
15 17 24
14 18 16
15 18 1
14 19 20
14 20 8
17 21 5
18 21 7
17 22 37
18 22 15
20 22 30
17 23 10
18 23 21
17 24 59
18 24 65
20 24 5
17 25 111
21 26 40
22 26 1
21 27 44
22 27 18
23 27 1
25 27 8
21 28 83
22 28 20
24 28 13
21 29 191
22 29 6
24 29 31
25 29 92
21 30 130
23 30 2
24 30 10
21 31 49
26 32 10
31 32 30
26 33 13
27 33 3
26 34 43
28 34 11
26 35 89
27 35 11
31 35 18
26 36 52
27 36 10
31 36 17
26 37 27
27 37 3
26 38 90
33 38 4
36 38 4
11 39 84
13 39 240
16 39 334
32 39 14
34 39 6
35 39 24
38 39 14
