26 3355 5000
0 1 57
0 2 27
0 3 7
0 4 67
0 5 216
0 6 12
0 7 21
0 8 42
0 9 24
0 10 257
2 10 177
4 10 1
6 10 54
7 10 27
9 10 111
1 11 51
2 11 256
3 11 49
4 11 91
7 11 209
9 11 69
2 12 73
4 12 5
7 12 46
8 12 30
1 13 20
3 13 23
5 13 16
6 13 2
7 13 201
8 13 81
9 13 54
1 14 11
3 14 35
8 14 1
9 14 139
2 15 25
4 15 1
9 15 18
1 16 71
4 16 145
5 16 21
6 16 10
7 16 9
9 16 119
1 17 115
2 17 146
3 17 72
4 17 105
6 17 18
9 17 182
2 18 12
12 19 61
15 19 71
18 19 20
12 20 123
18 20 61
15 21 11
11 22 1
13 22 5
14 22 10
16 22 8
18 22 96
11 23 3
12 23 3
14 23 38
15 23 63
17 23 16
18 23 59
12 24 17
18 24 35
10 25 21
19 25 30
20 25 26
21 25 137
22 25 10
23 25 1
24 25 32
