59 3615 5000
0 1 13
0 2 50
0 3 38
0 4 49
0 5 85
0 6 11
0 7 39
0 8 59
0 9 75
2 9 6
3 9 35
7 9 8
1 10 139
2 10 87
3 10 49
4 10 50
5 10 11
1 11 138
6 11 5
9 11 36
1 12 22
5 12 1
9 12 9
1 13 62
2 13 59
3 13 97
4 13 12
7 13 19
9 13 18
1 14 3
4 14 107
6 14 85
7 14 52
8 14 52
1 15 56
2 15 50
4 15 79
5 15 31
1 16 90
2 16 38
5 16 1
1 17 227
11 17 189
13 17 125
15 17 34
16 17 169
10 18 27
13 18 78
15 18 14
10 19 118
12 19 109
15 19 84
16 19 195
10 20 78
12 20 1
15 20 39
10 21 5
11 21 15
13 21 3
15 21 51
13 22 34
16 22 5
10 23 18
12 23 33
16 23 72
10 24 64
23 24 16
18 25 14
18 26 10
20 26 3
21 26 6
18 27 38
19 27 27
21 27 265
23 27 17
24 27 10
18 28 53
21 28 75
22 28 201
23 28 155
18 29 42
22 29 109
23 29 66
24 29 27
18 30 39
21 30 24
23 30 42
24 30 1
18 31 21
20 31 104
22 31 52
24 31 21
18 32 51
21 32 56
23 32 11
18 33 214
21 33 188
22 33 194
23 33 30
24 33 30
18 34 46
26 34 25
30 34 11
32 34 39
25 35 411
26 35 307
27 35 12
28 35 117
29 35 148
31 35 223
32 35 109
25 36 149
30 36 93
33 36 60
25 37 2
26 37 223
28 37 18
29 37 122
30 37 31
31 37 78
32 37 178
33 37 38
34 37 15
25 38 19
26 38 18
30 38 23
31 38 9
32 38 27
25 39 7
26 39 74
29 39 58
30 39 264
32 39 199
33 39 205
34 39 262
25 40 252
26 40 344
32 40 82
34 40 107
25 41 106
36 41 103
37 41 139
40 41 42
36 42 5
37 42 1
40 42 20
35 43 20
36 43 2
39 43 19
40 43 110
38 44 36
36 45 48
38 45 101
37 46 12
38 46 32
36 47 1
38 47 35
38 48 8
44 49 20
48 49 34
44 50 9
46 50 3
47 50 5
48 50 39
42 51 56
44 51 188
45 51 62
44 52 3
46 52 25
47 52 1
44 53 1
48 53 1
42 54 186
44 54 168
48 54 238
44 55 30
46 55 16
48 55 52
42 56 12
44 56 149
46 56 114
48 56 181
42 57 119
50 57 149
51 57 51
52 57 148
55 57 163
17 58 28
49 58 304
54 58 17
56 58 53
57 58 118
