31 3513 5000
0 1 4
0 2 132
0 3 14
0 4 9
0 5 10
0 6 10
6 7 19
1 8 62
3 8 20
5 8 164
1 9 35
7 10 18
7 11 30
8 11 30
9 11 15
7 12 39
7 13 51
7 14 145
8 14 24
7 15 30
13 15 122
10 16 30
13 16 23
10 17 10
13 17 55
10 18 36
10 19 85
12 19 30
13 19 97
10 20 214
11 20 20
13 20 10
14 20 19
10 21 118
18 21 237
16 22 36
17 22 39
19 22 20
16 23 71
17 23 40
19 23 3
16 24 24
17 24 44
18 24 133
16 25 25
17 25 28
16 26 128
19 26 10
16 27 12
18 27 80
16 28 57
22 29 8
24 29 17
25 29 8
26 29 5
15 30 5
21 30 18
27 30 77
29 30 9
