38 4079 5000
0 1 84
0 2 129
0 3 76
0 4 29
0 5 112
0 6 37
4 6 33
1 7 34
3 7 90
5 7 93
4 8 28
1 9 133
2 9 33
3 9 227
4 9 57
1 10 48
5 10 77
4 11 27
3 12 4
1 13 106
3 13 427
4 13 435
1 14 211
3 14 255
3 15 26
8 16 19
11 16 30
12 16 33
8 17 21
11 17 16
12 17 29
7 18 2
9 18 29
10 18 135
12 18 215
7 19 6
12 19 32
7 20 20
8 20 309
9 20 63
11 20 473
13 20 27
14 20 105
7 21 348
8 21 272
10 21 97
11 21 464
13 21 11
15 21 210
7 22 9
9 22 32
10 22 4
12 22 201
7 23 45
10 23 12
11 23 8
7 24 62
19 24 30
23 24 77
16 25 50
17 25 3
19 25 30
16 26 190
19 26 137
24 26 1
16 27 29
17 27 189
16 28 38
16 29 426
21 29 4
23 29 222
16 30 121
17 30 17
18 30 3
19 30 115
22 30 39
23 30 109
24 30 5
16 31 376
17 31 243
18 31 19
22 31 55
23 31 9
24 31 123
16 32 180
27 32 146
28 32 36
31 32 5
25 33 141
28 33 25
25 34 45
25 35 237
27 35 171
31 35 4
25 36 11
26 37 33
29 37 36
32 37 33
33 37 79
34 37 111
35 37 28
36 37 132
