23 4073 5000
0 1 46
0 2 11
0 3 67
0 4 37
0 5 2
0 6 59
1 7 252
3 7 192
4 7 68
1 8 110
3 8 27
4 8 15
1 9 44
2 9 394
3 9 65
4 9 103
5 9 84
1 10 71
4 10 38
5 10 18
6 10 24
1 11 23
3 11 29
4 11 36
1 12 251
2 12 343
6 12 390
1 13 173
5 13 27
6 13 25
1 14 30
8 14 17
11 15 10
8 16 63
10 16 12
11 16 59
7 17 28
8 17 53
10 17 9
11 18 5
7 19 23
8 19 147
9 19 14
13 19 205
14 19 182
7 20 104
8 20 122
9 20 196
10 20 40
12 20 1
14 20 251
8 21 4
15 22 69
16 22 254
17 22 156
18 22 180
19 22 150
20 22 28
21 22 338
