48 3457 4521
0 1 48
0 2 228
0 3 217
0 4 180
0 5 89
0 6 37
0 7 253
0 8 336
2 8 82
3 8 76
5 8 262
7 8 1
1 9 2
6 9 166
1 10 61
2 10 17
3 10 3
4 10 15
6 10 89
1 11 9
6 11 105
1 12 14
4 12 22
5 12 133
6 12 61
5 13 17
6 14 10
1 15 137
11 15 91
9 16 221
12 16 176
14 16 107
15 16 21
9 17 30
13 17 3
14 17 116
9 18 32
11 18 11
14 18 117
9 19 2
13 19 7
9 20 44
14 20 165
13 21 36
14 21 3
14 22 4
9 23 185
12 23 124
13 23 257
9 24 271
19 24 22
20 24 130
21 24 170
22 24 293
17 25 23
17 26 41
18 26 26
20 26 20
21 26 52
22 26 122
17 27 3
19 27 31
17 28 16
21 29 24
22 30 32
17 31 7
27 31 125
29 31 22
25 32 93
30 32 209
25 33 17
30 33 18
25 34 67
27 34 33
29 34 74
25 35 20
27 35 42
29 35 33
25 36 31
29 36 2
29 37 42
30 37 17
30 38 27
33 39 23
35 39 88
32 40 31
33 40 95
35 40 30
33 41 6
38 41 147
33 42 28
34 42 44
36 42 56
37 42 4
33 43 10
33 44 7
38 44 96
37 45 22
38 45 56
38 46 9
8 47 9
16 47 27
24 47 28
39 47 109
40 47 10
41 47 24
42 47 26
43 47 12
44 47 185
45 47 264
46 47 419
