59 0 1094
0 1 6
0 2 36
0 3 82
2 3 28
1 4 12
2 4 38
1 5 4
2 5 29
1 6 21
3 6 6
1 7 31
2 7 43
1 8 40
2 8 11
1 9 88
2 9 99
3 9 1
1 10 17
3 10 6
1 11 59
2 11 136
3 11 51
1 12 56
1 13 164
5 13 105
8 13 22
4 14 9
5 14 23
6 14 11
7 14 56
8 14 14
9 14 31
4 15 75
6 15 14
7 15 111
8 15 67
9 15 73
10 15 36
12 15 12
13 15 5
4 16 20
5 16 29
6 16 13
8 16 27
11 16 79
4 17 9
7 17 35
8 17 29
9 17 77
10 17 13
11 17 13
4 18 8
6 18 123
10 18 48
4 19 104
6 19 37
7 19 152
8 19 71
9 19 8
10 19 37
11 19 47
13 19 51
4 20 140
16 20 16
14 21 39
15 21 42
16 21 10
19 21 12
20 21 2
14 22 34
19 22 58
20 22 9
14 23 86
18 23 78
19 23 18
14 24 165
15 24 33
16 24 106
17 24 2
20 24 39
14 25 355
16 25 43
17 25 47
20 25 33
14 26 63
22 26 1
21 27 12
21 28 56
24 28 2
21 29 23
22 29 11
23 29 1
21 30 58
22 30 43
26 30 26
21 31 34
23 31 52
24 31 4
26 31 71
21 32 133
29 32 22
30 32 3
27 33 4
29 33 64
32 33 6
27 34 13
28 34 18
32 34 38
27 35 20
29 35 44
27 36 3
28 36 14
30 36 1
27 37 78
28 37 24
29 37 19
32 37 20
27 38 25
28 38 73
30 38 86
31 38 1
27 39 43
29 39 123
30 39 41
31 39 16
32 39 11
27 40 17
28 40 18
30 40 11
27 41 18
37 41 53
40 41 13
35 42 39
36 42 19
37 42 12
40 42 1
35 43 44
36 43 6
37 43 11
40 43 16
35 44 18
33 45 10
34 45 19
33 46 5
39 46 24
40 46 33
35 47 13
42 48 8
44 48 58
42 49 2
47 49 8
42 50 41
44 50 31
47 50 52
42 51 13
43 51 12
44 51 132
45 51 15
46 51 17
44 52 20
47 52 2
42 53 65
49 53 18
52 53 17
49 54 6
52 54 39
49 55 49
52 55 2
49 56 25
48 57 50
55 57 19
25 58 29
41 58 123
51 58 33
53 58 38
54 58 74
57 58 14
