47 0 896
0 1 10
0 2 1
0 3 19
0 4 35
0 5 12
2 5 2
1 6 4
2 6 25
1 7 2
3 7 7
1 8 15
2 8 13
3 8 31
1 9 19
7 9 2
6 10 68
7 10 79
9 10 65
7 11 5
8 11 1
6 12 29
8 12 41
6 13 103
8 13 114
9 13 156
6 14 60
10 15 1
11 15 112
10 16 23
11 16 70
12 16 36
10 17 6
12 17 28
10 18 16
11 18 28
12 18 44
13 18 18
10 19 43
15 20 25
16 20 40
19 20 4
15 21 7
17 21 20
15 22 47
19 22 18
15 23 12
17 23 67
15 24 29
20 25 40
20 26 4
21 26 6
22 26 5
20 27 18
21 27 43
20 28 41
21 28 12
22 28 47
23 28 29
24 29 17
20 30 99
27 30 32
29 31 4
25 32 26
25 33 26
29 33 108
30 33 38
29 34 15
31 35 3
31 36 77
32 36 11
34 36 8
31 37 17
31 38 80
35 39 37
35 40 35
36 40 31
37 41 10
35 42 7
37 42 3
35 43 77
38 43 36
37 44 10
35 45 32
42 45 33
44 45 52
4 46 7
33 46 5
39 46 74
43 46 26
45 46 10
