60 323 1557
0 1 6
0 2 4
0 3 13
0 4 22
0 5 35
2 5 29
3 5 4
1 6 37
2 6 52
3 6 21
1 7 14
3 7 54
4 7 14
5 7 10
1 8 93
2 8 81
4 8 12
5 8 22
1 9 102
2 9 27
1 10 52
1 11 17
1 12 16
7 12 30
8 12 11
11 12 2
6 13 50
8 13 19
10 13 40
6 14 18
7 14 2
10 14 16
6 15 2
7 15 1
6 16 49
7 16 26
11 16 3
6 17 29
7 17 27
8 17 28
9 17 31
10 17 40
6 18 39
7 18 55
8 18 52
12 18 16
6 19 207
14 19 8
13 20 12
14 20 120
16 20 162
13 21 44
16 21 102
13 22 49
14 22 64
13 23 218
21 23 108
22 23 128
21 24 1
20 25 14
22 25 26
20 26 18
21 26 21
22 26 114
20 27 98
22 27 216
20 28 13
22 28 16
20 29 5
25 29 106
26 29 67
28 29 43
24 30 51
26 30 10
24 31 88
25 31 6
26 31 13
28 31 13
24 32 105
24 33 36
25 33 61
27 33 57
24 34 29
25 34 5
24 35 129
25 35 13
26 35 30
28 35 18
24 36 135
25 36 42
26 36 174
29 36 29
24 37 284
30 38 2
31 38 21
32 38 26
30 39 137
32 39 177
34 39 25
35 39 37
36 39 2
37 39 18
30 40 40
32 40 64
34 40 51
30 41 171
31 41 109
32 41 198
35 41 94
36 41 33
30 42 5
32 42 106
34 42 155
30 43 31
33 43 7
34 43 22
35 43 28
30 44 156
33 44 31
34 44 186
36 44 6
30 45 68
34 45 37
35 45 26
30 46 95
39 46 1
40 46 20
43 46 25
45 46 46
38 47 26
40 47 8
38 48 171
39 48 31
44 48 29
38 49 62
43 49 10
45 49 25
38 50 27
38 51 20
40 51 85
43 51 23
38 52 104
50 53 16
52 53 27
47 54 51
49 54 39
47 55 2
50 56 20
47 57 74
49 57 66
50 57 92
52 57 136
47 58 34
19 59 58
48 59 5
53 59 78
54 59 22
57 59 5
58 59 7
