55 686 2177
0 1 46
0 2 37
0 3 9
0 4 53
0 5 48
0 6 25
0 7 72
2 7 1
3 7 3
1 8 96
4 8 6
5 8 54
1 9 104
2 9 42
3 9 72
4 9 4
6 9 13
2 10 5
3 11 49
1 12 24
4 12 15
7 12 6
1 13 23
3 13 15
6 13 35
7 13 20
6 14 38
1 15 39
2 15 5
6 15 58
7 15 27
1 16 89
11 16 23
15 16 40
8 17 1
9 17 31
11 17 13
10 18 18
11 18 1
11 19 5
14 19 15
8 20 3
10 20 67
11 20 41
12 20 1
14 20 117
15 20 50
10 21 6
11 21 51
14 21 54
15 21 3
14 22 48
10 23 1
11 23 7
8 24 15
18 24 66
19 24 55
22 24 74
23 24 9
17 25 8
18 25 27
20 25 6
23 25 68
18 26 20
19 26 8
22 26 25
19 27 16
18 28 97
19 28 30
22 28 104
23 28 9
18 29 28
19 29 54
19 30 2
27 31 2
30 31 17
26 32 31
29 32 75
30 32 8
25 33 18
26 33 4
29 33 40
26 34 18
31 35 33
31 36 25
31 37 24
31 38 8
34 38 59
31 39 10
35 40 10
39 40 43
36 41 10
35 42 88
36 42 143
39 42 101
35 43 47
41 43 42
40 44 5
41 44 23
42 44 29
43 44 15
40 45 38
43 45 23
40 46 30
44 47 22
44 48 13
46 48 41
44 49 1
46 49 21
44 50 13
44 51 30
45 51 141
46 51 59
44 52 44
46 52 29
44 53 1
16 54 17
24 54 24
28 54 168
32 54 31
33 54 435
47 54 57
48 54 29
49 54 38
50 54 128
51 54 11
52 54 24
53 54 146
