47 239 2120
0 1 80
0 2 1
0 3 10
2 4 7
3 4 1
1 5 34
3 5 69
1 6 11
3 6 21
2 7 3
1 8 2
2 8 69
1 9 12
7 9 32
4 10 30
5 10 9
7 10 11
4 11 85
6 11 24
7 11 14
4 12 60
5 12 9
6 12 10
9 12 8
4 13 3
6 13 37
7 13 36
8 13 6
4 14 3
6 14 5
7 14 53
4 15 231
9 15 18
4 16 13
5 16 106
6 16 42
8 16 27
9 16 12
4 17 50
11 18 1
14 18 37
10 19 25
12 19 54
15 19 10
11 20 13
10 21 9
12 21 40
16 21 8
11 22 4
14 22 6
11 23 12
10 24 37
11 24 62
12 24 21
13 24 70
14 24 194
17 24 39
10 25 56
12 25 30
15 25 1
10 26 22
11 26 91
13 26 40
14 26 74
16 26 17
11 27 83
13 27 5
17 27 3
10 28 34
19 28 49
20 28 136
22 28 37
25 28 3
27 28 50
18 29 49
20 29 33
18 30 71
20 30 20
18 31 55
20 31 25
22 31 73
18 32 20
22 32 64
23 32 19
18 33 143
20 33 5
22 33 28
23 33 61
27 33 25
18 34 5
22 34 34
23 34 4
18 35 75
25 35 1
27 35 120
18 36 4
23 36 22
27 36 55
18 37 228
30 37 15
31 37 39
32 37 26
33 37 13
34 37 9
35 37 2
36 37 5
29 38 33
31 38 42
32 38 41
34 38 51
36 38 20
29 39 78
30 39 125
31 39 159
32 39 12
29 40 7
30 40 9
31 40 50
36 40 18
29 41 27
30 41 27
32 41 93
33 41 44
36 41 126
29 42 114
30 42 74
31 42 10
33 42 15
29 43 76
30 43 6
32 43 23
34 43 13
36 43 13
29 44 117
37 44 5
29 45 23
40 45 77
42 45 18
44 45 104
28 46 42
38 46 108
45 46 28
