47 375 1861
0 1 34
0 2 13
0 3 4
0 4 27
0 5 22
0 6 140
2 6 14
3 6 32
5 6 27
1 7 10
2 7 29
5 7 17
1 8 16
2 8 9
4 8 2
1 9 41
1 10 56
3 10 6
1 11 81
3 11 140
4 11 10
6 11 13
1 12 55
3 12 67
4 12 5
5 12 39
1 13 221
9 13 76
10 13 42
12 13 1
7 14 40
9 14 135
11 14 27
7 15 51
8 15 14
9 15 18
12 15 30
7 16 10
9 16 112
11 16 39
12 16 74
7 17 64
15 17 30
14 18 8
15 18 37
14 19 93
15 19 42
16 19 36
14 20 135
15 20 63
17 20 36
14 21 138
15 21 101
14 22 8
18 23 70
19 23 61
20 23 34
18 24 32
19 24 20
22 24 3
18 25 6
22 25 3
18 26 44
19 26 15
20 26 27
18 27 104
19 27 138
18 28 1
19 28 70
22 28 263
18 29 15
24 29 153
27 29 32
28 29 3
23 30 175
25 30 58
28 30 1
23 31 11
25 31 122
28 31 41
29 31 6
23 32 52
25 32 151
26 32 45
23 33 11
23 34 61
30 35 6
33 35 67
34 35 79
30 36 60
31 36 19
32 36 112
33 36 2
34 36 32
32 37 17
30 38 18
37 39 10
35 40 27
36 40 3
35 41 66
35 42 2
37 42 14
35 43 43
37 43 43
35 44 22
36 44 98
35 45 57
42 45 4
39 46 1
40 46 14
41 46 15
43 46 30
44 46 1
45 46 57
