36 1231 2203
0 1 27
0 2 55
0 3 170
0 4 21
0 5 14
0 6 78
0 7 70
0 8 8
1 9 30
2 9 38
4 9 22
5 9 11
6 9 24
4 10 32
8 10 21
4 11 55
1 12 26
2 12 142
3 12 25
4 12 46
5 12 62
8 12 102
1 13 59
2 13 82
3 13 10
4 13 59
6 13 26
7 13 8
1 14 28
4 14 176
7 14 63
8 14 108
1 15 154
10 15 46
11 15 62
13 15 3
9 16 6
10 16 144
13 16 13
9 17 15
12 17 5
15 17 29
9 18 49
10 18 98
12 18 1
13 18 7
9 19 32
10 19 48
11 19 97
13 19 38
9 20 11
10 20 242
12 20 25
14 20 15
15 20 65
9 21 12
18 21 5
16 22 96
18 22 1
19 22 53
16 23 85
18 23 96
19 23 107
21 23 46
16 24 22
18 24 5
16 25 98
17 25 26
19 25 108
16 26 163
18 26 3
19 26 48
21 26 4
16 27 10
17 27 39
18 27 66
21 27 2
16 28 26
28 29 9
22 30 25
24 30 141
25 30 48
26 30 10
27 30 64
28 31 2
28 32 7
22 33 19
23 33 1
25 33 3
22 34 108
31 34 90
32 34 72
29 35 112
30 35 41
33 35 11
34 35 4
