dag1 33 0 506
dag2 34 0 569
dag3 28 0 551
dag4 60 383 1959
dag5 50 408 1978
dag6 55 316 1923
dag7 26 386 1394
dag8 47 375 1861
dag9 51 1077 2727
dag10 53 1263 2743
dag11 55 1040 2641
dag12 38 1933 3590
dag13 61 2287 3646
dag14 33 2300 3499
dag15 58 2153 3700
dag16 43 2691 4308
dag17 35 3027 4400
dag18 26 3236 4169
dag19 37 3287 4363
dag20 33 4052 4709
dag21 22 4066 4771
dag22 51 4052 5000
dag23 16 4345 5000
dag24 23 4440 5000
dag25 13 4369 5000
dag26 2 4349 5000
dag27 2 4448 5000
dag28 8 4708 5000
